5602701317
5602701318
4550019080
4550019081
5602701320
5602701321
5602701324
5602701328
5602701329
5602701330
5213237274
5459472414
5459472417
5602701361
5213237302
672360506
5602701376
1492371540
4400595034
5535434845
5979091037
5979091043
5535434853
672282737
1156126835
1159229567
1156126849
1156126856
3445794963
3445794964
3445794972
3445794973
672282785
1156126883
1445517492
672282824
5514125513
5514125515
1388445910
3633021146
5354813690
6341069050
672360698
6341069051
5354813692
6341069061
672360710
6341069062
1458972937
1458972938
1458972939
1445519636
872835364
1159137575
3445813549
672405808
3445813553
1458985269
4230611257
4230611259
4230611261
6278242624
4230611267
4230611269
4230611271
4230611275
4230611278
4230611279
4230611280
4230611281
2217746783
2217746791
2217746793
2217746797
2217746798
2217746800
1159229835
1159229836
1159229837
1159518606
1458981267
1458981269
5863506332
1159143853
1159143854
6118601137
1492384180
6118601140
672360898
5602519494
5602519497
5602519498
5602519500
1445523920
1492343256
6118601178
6118601179
6118601180
6118601181
6124761584
3562099191
1445515777
4701577736
4701577738
1445515786
1445515788
4701577743
1492374043
5459472932
5459472933
5459472934
3979164207
4548211254
1492408886
3034376760
1459003959
3979164218
1459003958
4794944071
4794944074
4548211275
4548211276
4794944078
4794944088
4794944089
1445526137
672406138
1311904382
3562015375
1492396690
3562015379
1492396692
3562015381
1492396694
4548211351
3562015382
3562015383
2847752854
2847752857
1159230108
1958204061
2847752856
2653571754
2653571755
1159131822
2653571759
1159131824
1159131825
1492390578
1492390579
1458911919
672406202
5529709251
5529709252
5529709253
5529709254
5529709255
5529709256
5529709257
5529709258
5529709259
1159131854
1159131855
1159131856
5529709274
5529709275
4548211425
5529709281
5529709282
5529709283
5529709284
5529709288
5529709289
5529709290
5529709291
872833772
5529709292
5529709293
5529709294
4548211441
2041535225
5529709308
5529709311
5529709312
5529709313
5529709314
5529709315
5529709316
5529709317
5529709318
5529709319
5529709320
3516900110
1159131919
672406288
3516900114
3516900115
3516900117
3516900118
3516900120
3516900121
3516900122
3516900123
672406316
5800045375
1958204223
5310712645
1159148358
5310712648
1159148361
6211634007
5529817945
5529817947
5529817948
5529817949
5529817950
5529817952
5529817953
5529817954
5529817955
5529817956
5529817960
2217790313
1958204265
5529817961
5529817962
5529709421
5529817963
441187183
5529709424
5529817965
5529709426
5529709427
5529709428
5530209141
5529817973
5529817967
5529817968
5529709433
5529709434
5529817978
5514341247
5514341248
5514341249
5514341250
5529709439
5529709440
5529817989
5514341253
5529709443
5529817992
5529817993
5529709444
5529709446
5514341257
5529709450
5529709451
5530209164
5529817994
5529709456
5529709458
5530209171
5529709459
5530209173
5529709462
5529709463
5529709464
5530209174
5530209175
5530209176
5530209177
1159517082
5529818014
5530209179
5530209180
1159517085
1958204318
5529818013
5529818019
5529818012
3516896165
3516896166
5529818015
3516896169
5529818017
5529818018
1301932972
1159136172
1301932975
1159136176
314622896
4548211633
5530209202
3562111924
1958204341
1301932980
5530209206
5530209203
5530209209
5530209210
5530209212
1301932988
1958204348
5530209220
1301932996
314622918
314622919
1301933006
1159138261
671587287
3034330074
3034330076
3034330077
3034330079
3034330081
3681180642
5769343971
3681180644
3034330085
3034330083
3034330084
3034330089
1301933036
1301933041
314622964
1301933046
5529818122
1159148556
1159148557
6356253708
5529818125
5529818126
5529818127
5529817983
5529818139
5529818140
5529818141
5529818143
5529818144
5529818149
5530209321
3562028073
3562028076
5529818158
5530209328
3562028080
5530209330
5530209331
5530209332
1159146549
5530209334
5530209335
5530209333
5530209337
5530209338
1159132217
5530209340
3562028089
5530209342
5530209344
5530209347
5530209354
5529817995
5529817997
1445528674
5529817998
1159519336
5529817999
5529818218
1159138412
6814327917
5529818221
6814327919
1159138415
5529818223
5529818224
5529818001
5529818228
5529818229
5529818002
5529818231
5529818232
5529818233
4967265403
5529818234
1159519356
6131637372
5529818235
4967265404
6131637376
5529818004
5529818237
4967265408
5529818242
5529818245
5529818246
5529818005
4230839433
5529818249
5529818250
4601261196
4230839437
5529818252
5529818253
5529818255
5529818008
4794993822
5213238430
5213238436
314623148
1492368558
1492368560
1492368572
5529818016
1159138496
1159138498
4220546243
4220546253
4220546257
5530492113
4298656980
1916386518
4298656985
1492399323
2217714910
314635488
2217714914
5213238503
5213238504
5213238513
6356151542
6356151543
6356151544
5213238519
6356151545
6356151547
6356151548
6356151549
6356151550
6356151546
6356151552
6356151553
6356151551
1159945476
5213238535
1159945480
1159945481
6184996106
6184996107
4903105804
1159945485
4903105800
4903105799
4903105802
1159228699
5514485021
5514485022
5514485023
5514485024
5514485026
5213238565
5514485032
5514485033
5514485034
5514485036
5514485037
5213252910
5514485038
5514485039
5514485041
5514485040
5213252916
872834372
1445516613
1445516614
5213238596
5213238599
4637732173
1964580173
1388442962
1445522773
2823798122
2823785843
5436607863
5436607864
4414330240
432452995
4414330244
4414330243
432452998
1445475725
1445475726
1445475727
6121217424
3943038361
3943038365
3943038368
3943038369
3943038370
1159148964
3943038372
1159148967
2653570471
2653570473
1492389307
1492389309
872832450
1492389322
1492389323
1159149010
5451167221
1458998773
1964418551
1964418552
1458998774
1458998780
1312615933
1458998783
1964301825
1159144963
1159144966
4550018600
1312615976
4550018616
1159149120
1159149121
1159149125
1459000907
1459000910
5213253199
2039529042
1445463636
1192818260
1159511641
2472046174
1192818270
6356151904
2472046178
1305816693
1305816694
4154127996
672362109
4585469576
4585469582
803149456
5529709425
1445535378
1445535379
4550018717
803149470
3742070431
803149473
803149474
3742070435
1305816745
1492405933
1305816752
6295901873
1159134903
1159134910
2041532105
1159134924
1159134927
1159134936
4550018781
4550018782
1159134952
3496259319
3496259320
5514483476
5514483481
1159139099
5514483487
1159149344
2868588323
6295901988
2868588324
2868588325
5514483493
1445484328
5514483496
5514483497
5514483499
6295901996
5514483502
5514483509
6295902006
5514483511
5514483515
5514483516
5514483517
5514483518
5514483519
5514483520
1159946060
2472030042
2472030043
2472030044
2472030045
2472030046
2472030047
2472030048
2472030049
4550018914
1459005274
1458999137
2313566057
4550018923
4550018924
4550018931
1492399992
3445813112
3445813113
3445813114
4903112572
1159141240
4906971006
4906971007
1492399999
4903112577
3445813121
3445813122
3445813124
4903112580
3445813126
3445813127
3445813128
4903112578
3445813130
4903112581
4903112584
1445519247
1445519248
1445519250
1492367286
4550019000
1159143355
1458995148
1964326877
1290303454
